sim_elev304.txt
ncols	304																																																																																																																																																						
nrows	152																																																																																																																																																						
xllcorner	0																																																																																																																																																						
yllcorner	0																																																																																																																																																						
cellsize	0.993421053																																																																																																																																																						
[rows 24 to 47 of 152, columns 165 to 219 of 304]
830.6630249 832.0310059 826.7620239 823.0100098 827.085022 833.2969971 830.0620117 830.0419922 820.2960205 830.0419922 839.8850098 820.8759766 819.9970093 819.565979 827.2949829 812.7969971 816.9520264 816.1820068 806.9110107 815.4180298 811.2039795 820.6749878 823.1329956 816.9229736 799.9160156 811.9349976 827.2449951 796.9320068 810.526001 807.2089844 810.3959961 809.0499878 792.2689819 797.2360229 793.2150269 797.2050171 807.9379883 820.1370239 813.9249878 817.7490234 808.9240112 817.3330078 816.625 826.7609863 823.9119873 812.3880005 813.6660156 817.565979 819.9840088 821.6779785 830.0419922 822.5120239 826.6849976 826.7979736 835.9329834
827.0369873 820.2109985 817.6669922 818.0079956 812.9069824 830.2969971 829.3980103 830.664978 823.6409912 829.6190186 827.0009766 813.6489868 820.2000122 817.6729736 808.598999 816.9810181 810.1339722 826.9949951 816.5460205 812.302002 805.6589966 816.9190063 799.6099854 792.5009766 797.1929932 807.0859985 816.9229736 820.1660156 807.0770264 807.0770264 802.2109985 804.572998 806.9869995 801.132019 805.776001 823.6279907 814.9370117 810.4420166 803.4790039 801.1309814 812.8499756 806.5040283 817.6859741 819.5390015 829.9279785 819.2860107 826.7979736 817.0709839 820.0510254 826.8920288 829.6459961 830.1119995 826.9790039 829.7470093 836.2399902
820.9030151 824.7869873 816.4000244 806.184021 810.8610229 823.5159912 823.2160034 824.5529785 816.9210205 813.7819824 820.2119751 823.0609741 814.1220093 816.9869995 806.1849976 816.9240112 813.0620117 807.4970093 808.9780273 817.1699829 809.9609985 797.2219849 813.0629883 798.2540283 810.7449951 821.4169922 815.6030273 812.0800171 810.3579712 793.1640015 810.9849854 793.6589966 803.6079712 799.6110229 805.1589966 804.4879761 807.5120239 810.3569946 793.6599731 810.5109863 823.4920044 805.8870239 820.7379761 819.7789917 816.8800049 823.9299927 821.6519775 815.2399902 833.5599976 820.6820068 829.71698 822.9660034 828.4539795 821.6690063 830.5230103
829.8280029 810.3369751 806.7949829 822.9329834 816.664978 806.867981 819.0460205 810.3579712 820.7349854 816.2360229 817.8950195 818.8129883 822.9219971 813.6380005 806.9130249 810.4959717 797.1779785 805.6569824 816.9229736 808.9210205 810.3579712 806.5040283 809.7329712 812.4160156 797.0570068 809.5 815.5650024 811.9580078 799.6140137 793.9459839 802.1439819 805.7680054 807.2000122 807.3330078 808.2340088 805.6849976 816.9229736 809.6810303 805.9869995 816.9240112 808.7719727 828.8250122 815.9180298 826.7579956 823.3800049 830.0100098 826.6610107 837.085022 830.4089966 816.2979736 823.2869873 836.1259766 833.322998 830.0430298 826.1710205
823.4940186 827.651001 800.0949707 822.2559814 820.7579956 823.3040161 809.5679932 793.835022 805.5640259 828.3389893 815.992981 809.4429932 817.0620117 816.5869751 803.5609741 801.6140137 816.9240112 808.697998 799.6079712 816.9190063 818.4260254 800.742981 797.2219849 809.8699951 808.8909912 805.5609741 810.0139771 805.7219849 797.1849976 797.125 811.6560059 810.6160278 810.0629883 818.6030273 796.9639893 801.6790161 802.2059937 819.9310303 823.5219727 809.6610107 815.1589966 809.96698 830.0419922 819.5969849 826.7050171 816.9190063 824.9039917 830.0419922 830.0079956 826.7620239 817.2550049 836.7180176 833.651001 839.8850098 836.6040039
816.9190063 823.0230103 823.4970093 803.7849731 793.9769897 807.4710083 808.8880005 810.3649902 828.125 814.9110107 811.4130249 797.1619873 813.9699707 813.6380005 816.7119751 816.4680176 820.4530029 810.2639771 802.2059937 793.9569702 800.1729736 793.8029785 807.3410034 806.4379883 806.9500122 809.7470093 799.9370117 803.5100098 806.5689697 810.8909912 807.3300171 816.3859863 816.9219971 815.5709839 805.8209839 813.3510132 813.2849731 820.9240112 814.9169922 809.1309814 823.3140259 830.0780029 829.723999 823 826.7620239 827.3540039 826.9459839 834.4229736 840.1259766 833.3510132 840.1489868 830.0219727 840.026001 839.8850098 829.7189941
810.9589844 797.117981 803.7869873 817.1970215 806.6820068 803.5440063 820.414978 800.2750244 810.7940063 820.6879883 809.2750244 810.6389771 807.0770264 810.7150269 809.8410034 816.9249878 807.6060181 817.3540039 822.9730225 800.1660156 806.9509888 793.8969727 793.4959717 809.7379761 818.1279907 793.5980225 797.1550293 813.3300171 810.5 812.6640015 817.3150024 826.7709961 823.4810181 810.0599976 810.3579712 810.1300049 793.6959839 806.9140015 816.9190063 813.9019775 823.4810181 830.5789795 833.382019 826.6279907 824.5369873 830.0419922 830.2009888 830.0430298 826.7750244 830.4489746 832.5150146 826.7620239 836.6030273 836.0540161 836.6160278
817.40802 810.3900146 798.8859863 797.2509766 809.8280029 796.9310303 810.4819946 807.723999 800.0230103 803.6890259 808.0170288 800.1610107 810.6049805 800.1729736 818.0209961 813.7550049 802.1469727 810.8950195 818.9290161 808.15802 812.8040161 802.5310059 802.0130005 816.7420044 813.664978 799.8140259 792.5139771 813.9429932 810.6140137 805.8549805 823.414978 820.3439941 819.7919922 810.3569946 797.0629883 816.9229736 816.2109985 813.6220093 816.3200073 813.0529785 820.25 817.085022 815.4320068 817.1099854 829.5809937 827.0460205 818.8989868 825.8469849 831.7609863 822.4699707 829.0640259 830.125 830.098999 836.6799927 831.0809937
799.6900024 797.177002 806.7390137 793.7910156 810.651001 816.9229736 793.9249878 807.3060303 819.9910278 803.7960205 809.697998 800.007019 807.4970093 808.8010254 803.7960205 797.0009766 796.9429932 820.5499878 813.7719727 816.8709717 805.6820068 808.8880005 797.1790161 818.7160034 813.6380005 810.7369995 815.7420044 820.2319946 810.4959717 811.8150024 799.5819702 823.9470215 820.2180176 816.2639771 813.6380005 816.348999 830.0419922 823.0410156 823.6950073 821.0750122 813.0939941 826.1229858 826.6129761 826.8380127 830.4910278 820.6229858 826.9749756 830.0419922 838.0239868 829.8189697 832.8289795 834.6920166 839.8850098 833.3660278 839.8850098
809.6859741 808.2269897 806.1890259 803.7600098 811.6569824 805.257019 808.697998 793.6710205 799.6119995 799.5230103 807.4609985 801.8850098 810.367981 813.9310303 810.4420166 797.8790283 800.0679932 808.1469727 821.9439697 816.8829956 824.8939819 811.5020142 800.0219727 806.9110107 813.0200195 810.7180176 810.4400024 816.7459717 809.1359863 803.5120239 813.9630127 824.8309937 822.1820068 815.7789917 816.3839722 816.3880005 818.0180054 822.7160034 827.2470093 823.4810181 827.0440063 823.2839966 839.8850098 827.1129761 819.9940186 823.3280029 830.4030151 827.0999756 826.7630005 840.0310059 820.2160034 830.382019 826.7620239 826.3189697 826.1400146
807.6010132 802.5570068 802.1660156 799.6019897 816.9869995 800.0180054 797.2109985 793.9229736 793.0189819 810.3569946 800.2810059 799.5239868 801.0250244 816.4589844 793.15802 801.1040039 797.0579834 799.1920166 816.8790283 817.6459961 811.5239868 817.1090088 810.1359863 813.8920288 813.6380005 823.5869751 814.9819946 820.4130249 813.1539917 823.4899902 824.0230103 830.0419922 802.1929932 822.8709717 821.0750122 827.8569946 815.5120239 822.072998 826.8280029 840.1450195 834.4559937 829.776001 825.4730225 822.7769775 826.7620239 821.7139893 826.7700195 829.9869995 826.7559814 840.4459839 828.4699707 830.0869751 833.3400269 820.1220093 830.0449829
806.9689941 796.8480225 805.6859741 810.5230103 804.1409912 800.2369995 807.6719971 796.2739868 791.0969849 810.0009766 810.5570068 809.6129761 792.992981 806.4539795 792.1140137 797.0269775 803.4879761 803.7960205 804.2620239 797.1240234 810.7030029 806.4810181 806.867981 819.7290039 816.6989746 797.1929932 823.4840088 820.1610107 802.0089722 824.1630249 823.210022 817.197998 816.9240112 817.4310303 827.8850098 826.9450073 817.6550293 826.7620239 824.7880249 838.848999 830.4110107 826.9310303 826.5469971 833.322998 827.0449829 830.0419922 820.2340088 830.0189819 830.0949707 832.4949951 820.4240112 836.6170044 838.2730103 833.2940063 843.7810059
809.3599854 814.3140259 807.0770264 793.5939941 810.6959839 801.3850098 801.3120117 804.9039917 799.757019 803.6849976 813.9630127 798.507019 807.9240112 808.8889771 806.5720215 810.3850098 793.9400024 800.1790161 811.8189697 805.7940063 813.4910278 815.8060303 810.3579712 809.3829956 817.3540039 830.0579834 816.8569946 816.4959717 824.9000244 830.0419922 816.3610229 822.7119751 826.9949951 830.065979 830.0100098 810.7689819 837.1939697 823.4810181 830.0419922 830.1439819 830.3250122 833.8640137 826.2399902 830.7559814 830.072998 836.6279907 837.1829834 828.2459717 834.322998 826.7670288 830.072998 820.4160156 830.0419922 837.0230103 833.3109741
793.9370117 806.6220093 802.2059937 810.5709839 809.71698 803.7960205 805.6710205 802.0789795 801.5219727 800.2579956 810.3670044 793.7139893 806.8109741 800.8829956 801.257019 793.8649902 801.1740112 810.4000244 811.5209961 810.789978 803.7189941 805.6989746 818.4160156 823.5150146 821.4140015 820.3339844 827.7000122 823.1959839 831.617981 826.7559814 826.2719727 822.2540283 823.1569824 822.9089966 830.0999756 830.0419922 835.7600098 842.2579956 826.3359985 829.0150146 833.3530273 833.9260254 840.2009888 837.6539917 836.2030029 839.9810181 826.7620239 830.0800171 823.5029907 823.4940186 833.2199707 837.1749878 827.1129761 829.4619751 828.9169922
799.7680054 799.5339966 796.848999 800.1489868 807.6149902 810.3579712 813.8920288 806.507019 810.4810181 808.4110107 802.9920044 797.7020264 799.617981 793.901001 799.6099854 801.6530151 816.4030151 793.9429932 803.6900024 810.3400269 810.367981 816.9210205 808.9229736 820.4219971 819.177002 830.0239868 829.6240234 815.4920044 824.6950073 824.5100098 825.1450195 826.9840088 836.5670166 839.9420166 830.0419922 828.4580078 839.8850098 830.0609741 832.9470215 836.6040039 838.1749878 839.5640259 833.8359985 842.5770264 840.1450195 839.7670288 843.1779785 833.322998 826.4650269 829.9799805 830.0430298 826.7600098 829.6279907 833.322998 840.6129761
800.4860229 797.2670288 788.8800049 792.1190186 805.7800293 810.8469849 820.302002 805.7780151 804.3560181 819.4990234 820.3980103 803.6220093 792.117981 808.8930054 817.7520142 797.2680054 797.1790161 797.072998 823.4990234 801.6519775 812.9050293 810.3920288 816.9869995 806.7390137 823.4810181 814.5130005 830.2839966 825.2230225 823.0949707 830.1929932 836.6279907 825.3010254 830.8930054 843.5050049 838.8289795 830.0419922 836.565979 839.9019775 836.6820068 833.3930054 837.4329834 836.4559937 841.684021 841.2260132 849.7319946 830.0029907 837.7059937 839.8850098 843.4890137 830.0419922 829.7210083 836.375 834.8200073 830.0269775 830.0360107
809.8010254 808.7700195 793.7210083 803.7960205 803.473999 809.4660034 806.6170044 807.742981 793.9580078 810.3579712 793.7290039 803.7960205 800.0750122 799.75 803.1030273 801.973999 797.2059937 808.0050049 810.3640137 808.875 804.7020264 818.9819946 819.9810181 813.1279907 830.0020142 823.4899902 837.1480103 820.2109985 831.2579956 829.6430054 842.992981 840.572998 828.1220093 836.4169922 840.0479736 838.7490234 837.7119751 849.7709961 843.1660156 840.4509888 836.6439819 847.90802 839.8980103 837.1220093 842.2089844 835.2789917 835.9580078 839.8850098 840.697998 835.4060059 834.0170288 837.3889771 833.322998 826.0209961 844.0419922
793.1569824 810.7810059 796.9589844 811.9119873 811.6680298 817.0809937 817.7490234 797.2009888 814.8880005 803.7960205 820.2000122 801.1309814 810.3579712 800.8809814 801.4069824 810.7810059 793.6049805 817.3569946 803.5430298 811.1890259 817.0170288 806.1779785 824.8309937 820.2080078 823.0440063 825.8610229 830.5980225 840.1270142 830.1810303 839.8850098 833.8779907 839.8850098 846.4459839 847.8070068 836.5679932 829.2750244 839.8859863 835.7680054 853.7979736 849.7739868 839.8850098 833.322998 832.6879883 833.322998 849.3140259 833.8359985 840.7459717 846.3959961 839.8989868 841.6849976 832.8380127 839.8850098 833.8070068 827.1090088 832.1849976
801.6459961 810.8460083 800.1740112 806.9619751 806.9940186 806.1630249 803.6799927 820.7160034 810.815979 808.434021 820.2000122 809.2150269 809.8759766 823.3499756 816.9219971 816.9190063 810.3579712 816.7109985 797.2069702 814.2210083 807.5819702 816.6450195 823.5239868 819.065979 830.0189819 826.132019 839.8859863 842.1820068 845.2039795 839.598999 836.2219849 842.789978 843.1660156 848.8300171 847.2080078 840.3469849 847.8569946 841.4119873 847.3950195 847.8029785 854.3449707 836.6259766 835.4279785 847.4500122 849.3239746 849.8289795 849.072998 837.9810181 834.0280151 843.1370239 845.1959839 839.8729858 840.3439941 834.5969849 836.6300049
817.7949829 805.7180176 808.4140015 803.9299927 796.9650269 810.3579712 807.684021 816.9190063 820.7849731 813.6599731 820.2000122 826.6149902 816.6749878 816.4769897 810.3579712 808.4390259 810.2420044 806.0100098 817.9119873 813.0599976 822.8040161 809.1329956 820.1719971 833.3239746 826.7739868 825.4069824 830.0419922 820.7860107 830.4429932 845.3709717 842.1890259 843.6859741 840.9509888 848.401001 849.7180176 852.0839844 844.4810181 849.7819824 845.1129761 849.4420166 844.0390015 851.4920044 852.2410278 848.7269897 848.8209839 851.190979 849.2470093 836.6229858 842.7999878 836.8729858 842.5609741 836.5910034 843.7860107 837.0490112 844.1469727
816.9240112 805.9299927 810.3900146 812.28302 807.3010254 815.8909912 820.5139771 816.9219971 811.6550293 807.0759888 803.617981 823.5230103 819.0029907 810.3579712 810.8469849 815.7869873 816.9819946 801.6989746 807.0579834 816.1760254 820.8859863 820.2000122 820.5800171 827.5759888 838.4210205 826.4899902 830.0419922 830.0640259 837.9609985 839.6710205 833.3779907 846.5130005 848.6099854 847.5360107 849.7269897 853.1439819 852.4320068 849.7930298 853.5839844 854.4990234 852.9869995 847.3170166 852.4450073 843.1019897 850.473999 845.9680176 848.9160156 845.4249878 844.6929932 847.5609741 843.2139893 836.6350098 843.2819824 843.2050171 845.9279785
816.2819824 820.5739746 809.0230103 810.3870239 810.7960205 806.875 809.9840088 806.8400269 803.7960205 810.3579712 802.190979 806.0020142 823.5960083 820.2109985 809.0280151 822.1669922 816.2290039 817.1970215 806.7969971 813.6380005 826.3740234 820.8540039 830.0419922 826.5289917 826.8380127 830.0560303 843.1500244 841.1030273 839.8850098 836.6160278 846.5549927 847.1119995 851.1829834 851.3280029 853.7949829 853.8120117 852.4959717 858.9199829 849.7700195 836.6040039 849.6799927 852.2479858 849.7269897 852.6119995 845.507019 849.7800293 849.723999 847.7910156 849.7819824 833.9069824 849.7269897 843.276001 843.1660156 849.75 849.3179932
820.7210083 822.7269897 812.6640015 822.2630005 813.2150269 813.9630127 826.4849854 802.0150146 805.8029785 810.3480225 820.5800171 817.3120117 823.0469971 814.6599731 812.3359985 814.3179932 819.1989746 827.3599854 815.434021 827.8330078 823.9920044 820.0490112 826.7620239 822.8099976 830.0170288 827.0900269 839.8850098 839.6719971 846.2709961 839.8150024 833.3389893 849.7249756 847.0720215 833.3759766 853.0469971 838.1849976 837.2659912 839.8969727 851.190979 852.5910034 848.8099976 846.9169922 849.8369751 849.1749878 859.1459961 830.0419922 846.6550293 836.6190186 845.4249878 846.8969727 830.0419922 840.039978 836.6040039 850.5620117 848.8519897
820.2000122 813.9420166 793.9710083 830.0319824 820.190979 796.0670166 810.1300049 817.7709961 816.9229736 834.5780029 810.3569946 830.0419922 819.0830078 823.5219727 817.7249756 810.3579712 816.6989746 809.9630127 825.6400146 820.7440186 816.9639893 829.6480103 813.9769897 833.1879883 827.4000244 843.2940063 843.7719727 838.1229858 833.7360229 840.0800171 848.0499878 848.8220215 842.1160278 836.6439819 858.8309937 849.7269897 852.1970215 851.4799805 847.5209961 845.4119873 849.7189941 852.4539795 851.190979 851.1929932 845.507019 843.6810303 832.177002 836.6259766 835.9069824 846.1160278 839.6849976 841.21698 835.9190063 847.8959961 830.1989746
