sim_elev304.txt
ncols	304																																																																																																																																																						
nrows	152																																																																																																																																																						
xllcorner	0																																																																																																																																																						
yllcorner	0																																																																																																																																																						
cellsize	0.993421053																																																																																																																																																						
[rows 72 to 95 of 152, columns 165 to 219 of 304]
823.9199829 819.5869751 816.9229736 826.7620239 829.8439941 823.5109863 833.6220093 833.3259888 830.0319824 824.2880249 826.9949951 833.322998 834.1900024 837.3660278 833.322998 834.7750244 817.65802 830.9730225 826.5579834 823.4810181 830.0930176 826.6890259 823.2780151 822.4619751 823.2719727 829.6430054 822.9390259 820.2089844 827.5880127 820.4569702 820.4110107 823.684021 810.0620117 823.3280029 830.414978 827.1129761 829.9240112 820.21698 828.6989746 830.7039795 830.0419922 827.9050293 833.3880005 832.8250122 828.059021 829.9979858 842.5700073 832.7719727 829.96698 828.117981 827.6069946 831.1209717 826.7620239 829.1019897 807.3579712
817.2329712 830.0239868 816.9439697 826.6309814 827.7940063 830.0900269 830.007019 823.8010254 835.5770264 822.1459961 830.0419922 830.1420288 826.7620239 830.9719849 827.7819824 826.7620239 830.7630005 825.940979 816.9190063 823.5059814 826.7620239 819.6939697 825.223999 826.7639771 825.5349731 825.8239746 829.6530151 836.2739868 823.2260132 826.7639771 824.1290283 829.5029907 823.7960205 818.5040283 828.8469849 816.9920044 826.7050171 819.0120239 836.6309814 836.2769775 826.1539917 841.0939941 847.8270264 833.322998 838.5430298 837.0419922 836.4539795 843.2509766 843.1660156 839.8850098 836.973999 831.6859741 830.4169922 818.5020142 826.8640137
823.3330078 823.848999 806.8289795 833.3029785 827.0999756 830.0440063 829.9899902 817.3170166 821.9450073 829.9810181 836.5910034 826.7390137 826.8369751 829.1859741 830.0770264 834.0100098 829.75 826.059021 835.5859985 823.5130005 827.309021 821.4240112 830.1279907 819.4260254 830.0089722 819.1859741 813.0499878 830.065979 826.7620239 826.7639771 836.625 839.8850098 831.1119995 826.7620239 823.6119995 829.7559814 830.2360229 821.0469971 830.0419922 830.2509766 843.9840088 832.1740112 836.6040039 839.8850098 839.3610229 843.585022 842.4310303 843.7059937 833.1599731 845.3319702 846.4459839 842.757019 826.7620239 833.1729736 819.5
830.0419922 830.3740234 816.9229736 817.1970215 827.085022 836.1619873 839.8850098 832.8569946 830.7109985 823.4810181 826.7620239 830.0020142 832.8579712 829.2269897 816.3200073 826.7620239 836.1890259 822.3029785 819.5689697 822.4450073 827.3649902 814.2180176 824.8880005 823.6279907 833.3250122 830.0419922 824.5360107 820.7299805 827.132019 826.7620239 826.7670288 823.2299805 819.7930298 822.7949829 827.0419922 826.2399902 826.7639771 826.7680054 839.8729858 828.5209961 840.0219727 836.625 839.8850098 842.4680176 830.1489868 834.7789917 846.3779907 846.3859863 840.3980103 842.1560059 842.5770264 842.1890259 837.9539795 826.7620239 830.335022
815.4030151 826.7969971 818.0449829 830.9249878 820.8640137 830.0969849 836.6220093 826.7559814 829.7800293 836.7479858 830.0570068 839.8850098 833.3530273 821.6090088 826.2479858 823.2109985 826.3179932 816.5889893 832.9180298 832.1550293 820.2639771 829.8300171 824.7869873 829.6989746 826.7739868 812.6270142 817.2969971 829.0289917 823.3480225 826.8930054 823.5209961 820.4119873 823.8400269 826.7249756 823.4869995 822.6989746 829.6430054 826.4069824 831.78302 833.8599854 833.3729858 830.348999 837.9240112 846.3779907 842.9119873 833.3259888 830.1589966 840.3980103 832.0440063 837.677002 843.1660156 836.6030273 825.440979 837.7050171 823.2109985
825.8590088 807.526001 816.9210205 830.8569946 833.315979 833.3040161 835.8010254 840.78302 833.8809814 832.2639771 816.9190063 827.7310181 835.7650146 837.8930054 826.3640137 828.9450073 829.5089722 820.2160034 826.6849976 813.6640015 813.0139771 820.2050171 823.59198 816.9520264 824.677002 829.8939819 816.9219971 826.7620239 826.7800293 823.3289795 820.7160034 823.1329956 835.0319824 812.6400146 830.0419922 824.75 826.7600098 819.5629883 831.2520142 833.3389893 833.3939819 833.7630005 839.8900146 841.3510132 847.434021 845.1569824 840.3549805 847.7009888 845.125 843.1749878 830.0620117 833.3809814 833.3250122 830.6699829 834.6710205
820.5419922 817.0620117 825.8150024 836.28302 827.802002 833.6500244 823.1900024 825.5720215 826.2550049 826.46698 826.7730103 830.0999756 823.5130005 827.8629761 833.3530273 826.7620239 826.3339844 833.2810059 826.632019 823.0269775 830.5280151 819.4459839 820.21698 826.7620239 818.5809937 825.8649902 819.8289795 825.9180298 822.2639771 830.0419922 823.6939697 828.9710083 823.6530151 821.8289795 826.7979736 826.3209839 823.4539795 820.2219849 830.0419922 830.3289795 833.7509766 826.7620239 822.9500122 833.322998 841.1489868 829.1019897 826.6849976 840.1870117 846.4459839 839.9240112 835.0050049 830.3480225 830.0009766 830.0419922 832.8939819
823.0629883 823.3790283 819.072998 816.9240112 825.5700073 830.5599976 833.2969971 840.434021 833.2750244 828.6049805 836.7280273 830.3079834 830.7579956 827.3339844 827.1079712 825.434021 827.7440186 823.3560181 817.3120117 820.0490112 823.322998 816.7089844 823.3270264 820.5800171 814.0139771 820.5720215 820.7750244 820.6820068 816.8909912 820.3469849 817.0599976 816.6690063 830.0419922 826.4749756 830.0189819 829.9550171 833.3980103 821.7219849 830.6530151 828.5999756 826.7509766 826.7620239 833.322998 829.4699707 830.9310303 827.3049927 837.1779785 833.322998 830.0419922 818.5029907 832.7709961 836.177002 839.9249878 833.802002 830.0460205
817.4249878 816.8640137 816.4470215 814.914978 832.0109863 833.322998 831.9799805 833.2059937 833.7130127 826.7810059 829.28302 832.5009766 830.1849976 830.0419922 826.7559814 820.4619751 826.4240112 823.4580078 829.5750122 830.0419922 816.473999 816.6530151 816.2470093 826.7620239 817.2299805 826.7620239 819.8480225 826.7620239 820.2000122 810.1119995 823.5209961 820.2059937 814.5360107 814.2789917 815.46698 830.6149902 821.4110107 827.8629761 820.5040283 823.4810181 827.5430298 820.2109985 830.0419922 840.6450195 829.7109985 826.7319946 820.2199707 816.9240112 836.5930176 834.28302 836.6040039 830.3980103 843.5599976 838.3729858 843.1699829
816.882019 828.3289795 817.5349731 818.0360107 816.9229736 830.9520264 843.1409912 830.0419922 841.1900024 826.8619995 836.3800049 823.5830078 827.8499756 833.3439941 827.9530029 830.9240112 809.8449707 813.757019 833.2940063 823.9509888 823.4810181 816.8530273 821.822998 805.8549805 825.1459961 823.9550171 820.0880127 821.2940063 812.3029785 820.2000122 822.0629883 809.7589722 827.822998 820.0880127 827.8880005 821.7030029 823.4810181 826.7579956 826.9949951 819.9260254 816.3040161 829.75 816.927002 815.4180298 830.1599731 827.5759888 826.9069824 830.0570068 826.3029785 833.7410278 833.322998 832.6480103 826.3920288 833.3319702 836.5089722
830.0419922 828.6099854 832.0700073 816.90802 830.0430298 828.322998 826.5700073 837.4260254 836.3579712 832.9769897 832.9000244 826.440979 833.2420044 830.0150146 836.6049805 823.4899902 827.1970215 833.3839722 823.4899902 827.0930176 829.973999 817.4990234 813.1970215 826.8099976 823.5289917 829.6469727 815.5029907 819.4520264 813.6380005 819.8569946 826.7620239 823.3270264 818.4940186 816.9219971 813.8950195 821.2360229 827.0689697 816.9190063 803.776001 815.1539917 817.4290161 830.7849731 816.9229736 822.065979 826.6859741 823.4810181 833.5499878 830.3280029 828.6170044 828.3660278 830.7589722 843.3619995 840.4650269 844.1420288 846.4329834
830.0419922 833.7630005 835.9359741 833.1849976 836.6079712 839.8850098 833.3250122 829.6890259 830.0419922 835.9619751 840.1560059 833.322998 833.322998 827.6519775 833.3610229 833.2680054 825.9869995 826.8220215 824.1630249 826.5739746 829.7410278 825.1290283 824.5859985 820.2639771 823.5770264 814.2650146 812.2990112 803.690979 823.9060059 820.1699829 817.5250244 823.8839722 820.2000122 817.184021 816.6799927 823.0269775 823.7299805 843.6359863 815.3449707 819.7420044 813.2449951 823.9140015 820.6290283 797.2630005 826.6350098 823.4810181 816.7109985 820.4160156 830.0419922 826.7620239 832.8519897 831.5599976 834.4400024 836.4609985 846.4459839
831.848999 829.8140259 830.5239868 839.8530273 833.2249756 841.0150146 830.5009766 837.4349976 839.776001 836.9069824 831.0440063 839.8720093 839.7810059 843.0759888 829.8189697 832.65802 832.526001 830.0430298 835.4210205 816.3850098 818.5040283 830.6589966 823.5100098 823.3560181 813.0120239 809.026001 818.3250122 813.6459961 823.3270264 813.0130005 810.3629761 809.5739746 801.7080078 813.2650146 806.3469849 810.3850098 816.4030151 823.0349731 811.5219727 812.414978 813.7730103 816.9769897 821.9550171 813.0130005 820.2000122 812.6879883 820.4240112 808.2589722 823.210022 825.9089966 833.3449707 837.2529907 843.1660156 846.5230103 847.7990112
833.322998 840.2219849 822.492981 840.1270142 839.8129883 847.8189697 837.0949707 843.1049805 830.8480225 833.0479736 820.2000122 837.4890137 839.9110107 836.8599854 839.9810181 832.4320068 821.8309937 830.4279785 826.1560059 830.1560059 826.5170288 836.7559814 829.9110107 820.414978 820.2000122 816.7999878 820.2109985 816.9790039 813.6640015 817.0200195 810.6049805 806.2139893 800.1420288 805.6599731 807.0300293 803.7960205 806.9780273 807.197998 811.0939941 815.9039917 808.9219971 818.5349731 820.2050171 810.3909912 820.7080078 813.8980103 826.7620239 830.0800171 832.2960205 830.690979 840.9130249 837.1729736 836.6270142 840.2119751 834.6660156
849.8989868 843.2600098 843.0390015 846.4459839 843.5999756 846.473999 836.6220093 843.6209717 846.4459839 843.1420288 828.3629761 829.5079956 837.4329834 847.5889893 830.2930298 835.4719849 840.8590088 830.0419922 834.4589844 823.2639771 826.7620239 816.6690063 824.1710205 820.2009888 820.7869873 820.6630249 820.2000122 805.6890259 816.0949707 810.9320068 793.8289795 797.1270142 811.0839844 808.3629761 803.5419922 802.1970215 810.8029785 812.3629761 806.677002 799.6820068 804.072998 801.4699707 802.117981 808.9219971 823.9229736 806.7039795 823.4810181 826.7620239 829.7960205 833.6439819 835.1970215 840.5750122 836.901001 838.7999878 826.7949829
851.5380249 852.5750122 839.8920288 853.1170044 838.9420166 859.7520142 853.3359985 849.723999 830.0430298 836.4500122 849.7800293 843.5289917 840.3220215 830.1539917 839.0830078 843.7050171 836.6760254 836.3239746 836.6760254 834.1420288 826.7620239 818.5339966 816.3029785 826.7639771 816.4630127 823.4359741 805.4099731 801.3469849 808.3389893 806.8660278 807.0839844 802.0410156 804.901001 803.5910034 811.2529907 799.5269775 807.0560303 793.677002 810.0700073 806.6810303 813.7559814 817.1640015 815.8770142 823.4810181 825.2319946 827.0300293 818.4099731 830.0419922 821.7340088 819.9550171 827.3649902 836.5609741 835.5579834 831.6740112 845.6699829
853.3649902 854.3629761 843.3540039 859.059021 863.6790161 841.875 853.789978 854.1290283 859.6220093 830.0419922 843.4199829 834.5390015 836.1929932 846.5219727 833.322998 843.710022 840.0449829 846.3930054 843.677002 833.4439697 826.7059937 826.0679932 830.0490112 827.8200073 820.2219849 819.8499756 809.6079712 809.1849976 806.927002 813.6389771 810.7329712 817.7340088 803.7960205 799.6030273 810.7949829 807.5549927 793.9530029 796.940979 804.8900146 809.8369751 808.1480103 818.3720093 807.5109863 813.7150269 806.8759766 820.1630249 830.0529785 822.9099731 830.1530151 833.6530151 821.7550049 830.0419922 826.302002 833.632019 840.3220215
865.2960205 861.0460205 878.7890015 878.2000122 866.7329712 856.5999756 865.164978 864.9489746 849.6740112 853.0079956 839.8729858 853.8239746 849.8579712 853.7670288 845.3239746 842.2020264 842.2089844 834.4589844 833.6420288 826.9439697 842.1680298 836.6119995 830.9279785 828.1829834 818.5700073 819.5410156 813.0120239 816.7119751 823.3809814 797.9260254 808.4210205 810.8309937 816.2150269 810.5789795 797.1970215 809.6870117 816.9320068 797.1680298 806.6259766 797.177002 816.75 813.0700073 814.9509888 824.2670288 823.4810181 824.1290283 818.2299805 816.9240112 823.4810181 817.0800171 836.5889893 833.322998 836.8920288 845.4219971 840.7780151
874.7249756 871.8270264 872.7180176 871.9210205 871.822998 879.0709839 866.0679932 863.6669922 859.2459717 853.7730103 836.7410278 851.802002 849.7800293 849.7369995 851.190979 836.6040039 839.8850098 836.6749878 839.8850098 843.1090088 840.2150269 833.322998 817.6049805 836.2700195 823.4899902 818.0339966 823.4810181 823.0939941 817.6859741 810.5609741 811.1939697 803.9180298 807.3209839 803.5620117 806.8850098 793.0449829 808.9420166 803.1300049 797.2059937 810.2819824 814.1030273 821.3510132 812.5440063 826.7620239 817.3120117 816.6160278 830.40802 823.4810181 817.6790161 823.3740234 836.6350098 830.71698 842.7299805 833.1849976 833.757019
885.8980103 880.1149902 891.2730103 879.5709839 878.0900269 871.8499756 872.3060303 872.223999 859.1209717 855.882019 840.0089722 837.3969727 846.2269897 839.7369995 839.9370117 839.5040283 843.867981 847.7249756 833.776001 833.565979 826.6420288 833.1589966 823.1820068 826.6989746 830.3800049 823.7459717 816.9219971 822.0939941 819.8599854 810.3499756 793.9769897 807.0770264 807.4229736 797.2139893 803.7960205 807.0269775 797.2219849 810.4879761 810.460022 807.927002 814.1040039 809.1550293 811.382019 821.2709961 824.1859741 824.625 827.2880249 827.2979736 820.164978 820.4520264 837.0869751 826.7620239 823.5969849 826.7109985 830.7630005
891.4509888 893.1430054 879.3729858 884.9589844 885.072998 875.0930176 872.0560303 857.190979 865.2440186 839.0609741 840.039978 833.6669922 842.7050171 843.1660156 849.7269897 843.6300049 844.1149902 833.7150269 842.15802 833.322998 835.0650024 839.8850098 835.0780029 823.2069702 827.4000244 824.5570068 826.492981 803.7109985 820.7349854 809.9639893 810.9240112 793.6329956 793.53302 797.0269775 816.9229736 823.2069702 807.4890137 797.2360229 793.9310303 811.6430054 803.7960205 820.164978 820.2130127 823.5029907 814.5130005 816.9190063 806.5570068 822.7280273 823.0620117 814.1110229 830.0419922 830 823.2139893 833.3259888 833.322998
886.1900024 891.4110107 885.5910034 885.8460083 892.1140137 879.2999878 878.46698 873.4689941 857.9699707 854.5130005 836.6040039 826.8410034 839.9349976 836.6339722 851.190979 843.4920044 839.8850098 843.6779785 843.6270142 847.4039917 833.3389893 836.6099854 843.4569702 843.3549805 833.8499756 835.6079712 817.6740112 816.9860229 810.3579712 808.8880005 803.7960205 812.2290039 793.90802 806.8699951 803.5599976 802.2089844 807.8779907 797.052002 823.9099731 820.3140259 817.1099854 807.0770264 823.539978 813.4810181 816.9229736 824.677002 823.4780273 817.4069824 820.0499878 818.8939819 832.6010132 826.947998 836.6329956 833.322998 830.46698
884.9609985 891.2639771 884.9959717 891.7230225 879.3029785 872.9730225 864.8540039 861.4660034 851.0150146 847.2290039 853.8720093 839.7800293 843.1110229 836.9089966 833.960022 847.7269897 845.7160034 836.8540039 848.7990112 847.4219971 839.7730103 833.3439941 829.9569702 839.8909912 826.7620239 830.0159912 822.5100098 815.4520264 816.2979736 797.1589966 816.9229736 810.3660278 807.7700195 822.0269775 803.934021 808.4130249 815.559021 802.098999 813.6389771 816.9229736 816.9279785 820.7080078 822.4660034 823.0089722 808.6959839 806.8850098 816.1420288 820.4619751 816.3909912 824.1950073 820.1719971 816.9190063 833.4050293 827.3519897 826.7620239
890.9609985 891.2680054 885.5819702 872.9539795 866.5969849 865.1309814 853.8660278 856.2299805 853.8070068 833.4050293 836.0180054 839.8829956 849.7949829 839.0390015 847.6069946 843.1660156 853.6710205 849.7390137 849.7319946 840.2059937 836.4869995 843.3829956 821.7139893 830.5180054 825.3140259 830.1619873 816.7050171 816.6690063 813.2139893 826.7620239 808.8889771 797.0570068 796.9400024 809.0469971 801.8259888 822.4099731 805.815979 809.8939819 807.7670288 814.9710083 821.9860229 826.8549805 826.7620239 812.9539795 816.9229736 814.2050171 808.8930054 825.4370117 813.1939697 826.7750244 826.7579956 826.4439697 826.7689819 826.3189697 832.7119751
