sim_elev304.txt
ncols	304																																																																																																																																																						
nrows	152																																																																																																																																																						
xllcorner	0																																																																																																																																																						
yllcorner	0																																																																																																																																																						
cellsize	0.993421053																																																																																																																																																						
[rows 48 to 71 of 152, columns 0 to 54 of 304]
819.5770264 816.9260254 823.2750244 823.414978 809.5189819 816.1539917 816.8880005 816.9190063 818.3839722 823.4879761 830.8619995 814.3300171 826.3049927 815.2990112 823.71698 834.1270142 823.3560181 822.677002 823.4810181 812.7290039 806.9650269 826.7940063 815.7630005 813.0969849 830.0949707 823.4810181 826.7969971 816.9190063 816.8969727 830.9680176 822.3200073 818.3959961 816.9229736 816.9260254 816.9190063 823.3140259 824.0999756 830.4160156 839.9349976 830.0700073 829.4970093 829.9869995 840.375 838.8709717 847.3179932 840.3179932 834.0339966 839.822998 845.1630249 849.9130249 851.190979 849.7269897 851.8209839 832.9990234 848.2249756
823.414978 820.8889771 839.4329834 816.9229736 829.6220093 817.5499878 818.5230103 824.8270264 821.65802 824.440979 826.8619995 830.0579834 823.4810181 822.4260254 816.2979736 819.1049805 812.3740234 820.309021 826.7910156 817.434021 820.0880127 817.4359741 815.1370239 809.0209961 831.2529907 823.6859741 822.5189819 803.7960205 822.2319946 822.9520264 813.9699707 820.4329834 823.4899902 820.2230225 826.7810059 823.4810181 828.4130249 830.3969727 834.6489868 832.5529785 843.6849976 840.5109863 840.0100098 846.5629883 847.7219849 843.2540283 842.5460205 842.1049805 842.9619751 842.809021 843.1660156 842.1849976 839.8889771 846.4459839 849.7819824
832.0339966 827.0050049 833.1849976 828.4420166 824.2039795 823.5109863 816.401001 823.9050293 815.4819946 823.6300049 817.914978 823.6939697 819.5310059 827.875 806.1489868 820.4140015 808.4450073 816.9190063 793.7990112 806.8499756 820.5759888 826.7620239 823.6259766 816.6240234 823.6409912 819.5709839 820.5789795 826.684021 816.4329834 830.6370239 826.7360229 814.1900024 819.7059937 826.7620239 826.7620239 816.9190063 828.6450195 833.322998 823.5280151 836.6760254 832.9199829 846.4450073 839.8449707 839.8850098 838.3690186 836.5910034 843.039978 839.8850098 839.8850098 826.7620239 830.0419922 826.7579956 833.59198 840.5819702 839.8959961
821.6220093 831.007019 830.0419922 832.6300049 821.0159912 827.085022 822.8040161 826.7769775 823.4810181 823.4810181 822.026001 820.3079834 826.4550171 823.3270264 823.9110107 820.2000122 831.5189819 820.2000122 816.5300293 826.7739868 816.2139893 824.2680054 818.1690063 813.3400269 818.0189819 816.0150146 822.9539795 823.3560181 817.90802 820.2860107 819.9719849 813.0280151 813.7630005 813.3829956 827.2860107 823.1040039 829.9240112 823.4810181 829.9329834 830.9650269 843.1699829 833.322998 843.1660156 843.7299805 839.4899902 832.9650269 839.5100098 845.21698 832.7030029 826.7620239 830.6380005 830.0670166 830.0100098 839.8850098 820.0499878
825.8480225 831.2520142 820.2020264 843.4790039 827.4970093 816.9390259 820.2109985 820.2589722 823.8469849 829.6989746 815.4370117 816.9190063 836.8109741 816.9190063 828.7990112 830.0029907 823.4829712 820.9060059 824.5079956 830.1799927 817.7000122 817.3670044 829.1040039 830.5449829 823.6209717 823.3569946 818.427002 813.6380005 817.5579834 826.6030273 803.4769897 803.9370117 813.6380005 815.0349731 823.0120239 830.065979 827.7540283 825.460022 836.6040039 836.5540161 840.5800171 836.6040039 836.6220093 843.4699707 843.4890137 835.8510132 833.6409912 826.7620239 826.7620239 826.7620239 843.2509766 826.7059937 821.9450073 820.7210083 826.7739868
844.0980225 840.3259888 824.848999 840.4019775 836.25 826.7069702 827.3530273 822.723999 829.8380127 823.5230103 821.6929932 820.2139893 830.5419922 826.3339844 820.3930054 826.9299927 823.5089722 819.867981 820.5050049 824.7620239 818.8410034 818.0700073 813.46698 820.4140015 812.8649902 816.9240112 816.9229736 820.2000122 821.9110107 811.3969727 827.2890015 815.1640015 807.3289795 820.1669922 831.1259766 820.7860107 825.375 830.4630127 830.6329956 828.6010132 842.7990112 830.0419922 847.7919922 839.3930054 842.7639771 846.3969727 842.5900269 826.9869995 830.0269775 826.3010254 826.3369751 825.1779785 816.0839844 825.1220093 826.7620239
842.5250244 842.5670166 830.4489746 826.8140259 830.0239868 836.6439819 820.7880249 826.9879761 833.382019 820.9240112 820.7189941 830.6129761 823.5100098 823.3309937 820.7990112 827.5369873 822.9279785 823.4810181 820.2000122 814.1170044 816.559021 818.0910034 820.3010254 813.5469971 816.9190063 813.0609741 823.0300293 820.5800171 821.3530273 826.0059814 822.5499878 826.7059937 818.4140015 830.0440063 816.9229736 823.9169922 830.4329834 829.2280273 830.3430176 839.8389893 829.6439819 830.4860229 826.7620239 838.3790283 843.3519897 840.2109985 837.7800293 833.3809814 817.3129883 833.0750122 827.1939697 816.6420288 824.1240234 830.0449829 826.2399902
845.6989746 844.6409912 829.5930176 830.3330078 836.117981 829.3759766 822.460022 830.0570068 824.8729858 810.3289795 805.9819946 823.9680176 816.8779907 823.9140015 820.2000122 816.9190063 824.2689819 823.4810181 826.1079712 820.2319946 826.7670288 820.5079956 828.1259766 813.6380005 816.9190063 816.9199829 830.3289795 814.9489746 819.3109741 809.1359863 823.9310303 820.2000122 815.0479736 823.4810181 826.4349976 822.9630127 823.4810181 830.0419922 823.6870117 829.3770142 835.6710205 827.8920288 830.2750244 835.9509888 821.9959717 830.0419922 826.5319824 830.0319824 820.4160156 829.2039795 820.2000122 818.4589844 823.7609863 816.4979858 817.5759888
851.7620239 848.8099976 836.6760254 832.9160156 841.0139771 833.3619995 838.2630005 830.0419922 833.4050293 826.7630005 825.4819946 826.7659912 820.5939941 820.7269897 826.7620239 819.5560303 820.2009888 827.1989746 826.4240112 826.7620239 817.6530151 816.2180176 826.322998 819.5159912 822.242981 824.6329956 816.9190063 820.5800171 820.2709961 823.0960083 820.1309814 814.9749756 823.9509888 819.7490234 820.2050171 820.2719727 831.2230225 837.1760254 827.039978 838.3759766 823.2269897 826.7620239 829.9240112 819.5819702 826.3809814 833.1010132 826.7730103 830.0419922 816.2990112 829.2789917 822.4119873 823.4580078 830.8330078 823.5289917 826.7650146
843.6430054 831.9119873 846.4459839 835.8239746 840.1270142 836.8660278 834.8200073 833.5549927 823.5280151 826.7620239 823.0280151 820.2109985 813.8920288 822.026001 820.8989868 827.901001 830.0449829 816.1660156 822.9459839 817.5310059 817.3920288 828.4019775 823.4190063 823.6489868 823.6810303 816.9229736 823.65802 817.539978 817.1970215 814.9500122 826.7020264 819.5969849 809.3140259 821.0349731 823.5079956 826.2399902 826.6229858 816.2780151 832.9849854 843.4899902 827.348999 820.8859863 839.8850098 822.5230103 826.2559814 829.8289795 829.9899902 823.6560059 813.6380005 819.4249878 820.2000122 817.0819702 819.9790039 816.6149902 820.2000122
839.3950195 843.1660156 841.0139771 833.8060303 823.7940063 830.2000122 822.6929932 827.447998 823.322998 828.3029785 833.4019775 809.9769897 826.7620239 820.2509766 837.1690063 816.6690063 823.4810181 823.4810181 823.1859741 815.4439697 816.96698 826.7750244 821.848999 826.7340088 833.809021 826.7620239 819.8930054 823.6900024 827.0490112 820.7210083 826.7689819 820.2000122 820.7399902 823.572998 816.9509888 820.8590088 826.8640137 817.5180054 826.3839722 826.4390259 833.3519897 830.0419922 825.2960205 826.7639771 823.3040161 817.559021 825.276001 830.0490112 820.1099854 802.1069946 816.9240112 823.598999 821.0360107 816.9229736 806.7319946
835.8010254 843.4229736 823.2269897 835.6019897 826.3359985 830.0239868 829.7869873 830.0419922 819.4970093 823.1950073 817.585022 810.0570068 815.1900024 806.9110107 826.6140137 820.9420166 808.7059937 826.7620239 815.3909912 813.5390015 816.9210205 820.2000122 822.4580078 816.3740234 817.2379761 826.5449829 826.8179932 816.9190063 817.5770264 826.6199951 826.7349854 819.7420044 830.0419922 821.8209839 827.6970215 823.2509766 833.3859863 826.7700195 819.9819946 823.7410278 817.5189819 820.132019 819.5739746 837.0419922 820.0869751 823.4810181 825.5440063 811.5150146 819.1279907 819.9849854 824.6699829 823.5020142 823.414978 807.2260132 806.6820068
840.0490112 826.7199707 826.3829956 822.0640259 827.0390015 836.6259766 819.7280273 823.9920044 826.7620239 823.4990234 812.9569702 813.9210205 813.5809937 817.1040039 816.8640137 824.5499878 822.2639771 816.9869995 813.6140137 818.3880005 830.0869751 822.9730225 820.2219849 819.9190063 826.302002 822.9420166 816.9379883 820.2000122 810.4260254 814.9349976 820.2390137 819.4799805 827.125 830.4089966 826.7969971 826.7620239 826.2399902 837.0529785 815.9860229 833.322998 836.6229858 830.0410156 823.598999 830.65802 832.6560059 825.414978 823.4899902 811.5269775 830.039978 823.5029907 820.2490234 812.8449707 820.9000244 816.9190063 816.9199829
824.5239868 823.5059814 830.9790039 828.2680054 823.1959839 830.0499878 823.4810181 816.9509888 824.6110229 807.565979 820.0390015 806.6170044 812.2730103 803.7119751 803.7960205 808.2310181 814.3179932 820.2000122 826.7620239 826.9539795 826.6970215 826.7620239 823.664978 820.2000122 826.6270142 830.0960083 830.0419922 826.7919922 826.7620239 817.2979736 831.1259766 826.5009766 825.1259766 820.210022 823.7030029 828.125 835.0360107 817.5130005 816.9229736 826.7600098 813.9349976 818.4799805 813.8629761 821.8449707 820.2059937 823.5980225 826.4940186 823.2109985 830.0529785 820.1209717 813.6640015 812.6619873 819.4509888 819.9569702 817.4249878
819.9299927 830.0620117 829.2639771 827.1879883 824.5230103 823.7139893 830.9359741 819.6599731 811.6610107 810.4359741 803.914978 805.7709961 803.6879883 816.9190063 812.5319824 817.4030151 823.4810181 836.6099854 822.5380249 827.6010132 834.3120117 820.2000122 833.3449707 827.0430298 823.2069702 816.6530151 823.4810181 826.7620239 826.3959961 826.401001 826.7620239 819.0839844 826.7620239 826.8880005 826.5109863 815.9039917 827.0089722 816.9219971 819.5269775 826.7659912 814.1970215 823.1469727 822.2639771 820.5800171 815.6040039 827.3519897 813.6380005 816.9190063 816.6110229 823.2849731 819.9539795 818.565979 813.6380005 823.4810181 823.026001
824.6669922 827.8569946 830.4630127 823.4990234 805.901001 823.5139771 813.7680054 823.4810181 823.0570068 829.9199829 815.434021 819.059021 816.9190063 813.7559814 819.9840088 829.9689941 824.1300049 824.3339844 826.7559814 826.7620239 836.2719727 822.8140259 826.8380127 836.6040039 830.5310059 837.3319702 826.7559814 816.9190063 826.5139771 830.7089844 830.0189819 819.7470093 826.7719727 823.526001 830.9219971 825.4190063 828.848999 830.0419922 826.3060303 827.3549805 820.4060059 823.9160156 823.2050171 816.9190063 803.4769897 813.6380005 807.0349731 809.8619995 808.1640015 812.9550171 823.3220215 820.2009888 820.1469727 817.1099854 818.7479858
817.6539917 823.3289795 823.507019 820.7819824 818.5369873 813.6140137 816.651001 812.3449707 808.9260254 820.2109985 811.4310303 799.6110229 809.8699951 807.0869751 801.8010254 793.9349976 821.2780151 829.9899902 831.1950073 822.4559937 830.3179932 830.1060181 826.7620239 827.7869873 826.7709961 835.2130127 829.4500122 836.6439819 830.098999 830.132019 830.0949707 826.8280029 826.210022 829.2550049 822.315979 816.3330078 827.8610229 819.7039795 826.7620239 830.3330078 822.9210205 826.7620239 806.5310059 816.4710083 807.0770264 807.0150146 820.2000122 809.6480103 810.132019 814.0549927 805.875 807.0770264 819.4749756 826.7589722 826.684021
816.5670166 820.210022 813.8790283 807.5910034 805.6420288 810.1359863 810.367981 814.3109741 811.3790283 809.2659912 801.4699707 818.565979 808.3790283 807.1359863 813.2459717 820.1699829 819.9730225 816.9229736 826.7319946 829.6959839 830.0419922 834.0709839 832.802002 826.7620239 830.6400146 833.2399902 843.3729858 836.4569702 830.6790161 822.7260132 826.7650146 827.8629761 829.723999 820.7349854 826.6779785 814.1220093 834.4240112 831.2600098 819.4790039 828.2860107 823.5209961 813.5410156 813.190979 816.9229736 816.6970215 801.0159912 802.0289917 814.0859985 802.2059937 812.2199707 813.7269897 823.8779907 817.5349731 820.0770264 820.2109985
800.2620239 816.4030151 803.9359741 815.2260132 797.2189941 796.8859863 791.934021 813.2310181 806.9680176 817.309021 805.9680176 806.9550171 824.5739746 816.9260254 816.9229736 823.28302 816.9229736 826.1389771 833.1400146 833.4699707 829.1129761 836.6229858 839.809021 838.8480225 833.4589844 840.1279907 829.8800049 843.5560303 823.7310181 827.0319824 818.5059814 816.5789795 833.559021 830.0419922 823.1749878 824.5289917 819.8989868 828.3300171 823.5040283 813.8809814 827.8590088 830.0419922 822.1469727 826.7680054 813.8969727 823.2869873 800.2000122 799.5549927 823.3029785 807.5150146 819.2219849 826.9390259 823.1090088 823.6740112 826.7620239
796.8920288 797.6859741 802.4290161 799.5510254 806.1829834 793.8220215 805.6430054 810.4580078 802.0380249 812.6970215 809.7579956 817.0050049 815.3809814 816.9229736 821.375 813.0200195 816.8880005 834.0180054 830.6370239 836.7930298 833.1279907 839.8850098 831.7080078 835.0650024 839.8850098 833.2529907 829.9710083 830.085022 840.3989868 829.4879761 826.7990112 831.6890259 832.1820068 831.3729858 817.6589966 820.2059937 826.302002 817.1480103 823.4609985 826.7639771 813.4799805 820.5869751 823.4959717 808.8870239 814.1660156 813.9660034 802.1519775 810.1309814 813.6149902 821.8250122 824.1829834 827.0120239 823.4810181 824.1099854 826.7780151
802.2059937 820.2000122 817.757019 818.0770264 801.7890015 807.4550171 806.9089966 803.6749878 811.4879761 806.197998 809.8779907 807.9860229 822.0310059 821.3619995 822.9089966 823.2080078 820.2000122 824.5360107 829.8280029 840.0280151 843.5980225 843.4899902 839.8850098 832.9089966 835.9630127 830.4110107 833.5609741 841.7730103 842.2650146 831.4000244 826.7620239 836.6350098 830.6719971 820.4509888 826.9899902 830.210022 832.5949707 830.0419922 820.4710083 820.0969849 816.9190063 806.9279785 823.4990234 826.7620239 816.190979 807.2199707 817.4050293 813.8540039 813.6380005 816.9190063 823.3610229 820.5469971 824.5239868 830.6749878 832.4879761
817.7479858 820.2210083 810.3579712 798.9520264 802.1149902 798.5250244 810.5800171 817.7600098 813.7009888 809.822998 820.7180176 819.4639893 816.6989746 830.0419922 836.6090088 816.9240112 830.6760254 830.0419922 823.4810181 833.151001 839.9829712 826.677002 832.8170166 849.7780151 828.6530151 843.9920044 843.1660156 839.9060059 836.5939941 829.7280273 833.322998 836.6040039 845.3220215 831.1279907 840.3759766 828.1480103 826.7659912 823.8259888 817.5369873 816.6989746 823.4940186 816.9240112 813.6380005 831.1740112 813.3079834 823.2659912 815.0670166 816.9190063 816.9180298 817.0369873 823.5029907 827.3729858 827.8239746 830.0079956 830.0419922
820.2160034 806.8460083 792.117981 799.5980225 809.1279907 815.9940186 811.507019 820.2000122 812.2719727 816.9219971 814.6569824 826.7620239 823.0960083 816.9260254 807.0859985 823.9099731 833.3660278 826.7620239 826.7579956 829.9869995 830.0620117 840.2930298 830.0130005 833.7069702 827.2890015 843.1660156 830.8319702 839.4869995 834.4539795 836.6040039 830.0419922 840.0219727 829.7890015 830.0419922 826.8619995 833.3220215 838.1879883 827.1290283 829.7189941 831.2080078 825.1370239 823.5089722 831.1890259 826.7620239 827.0859985 815.3389893 823.9210205 820.1610107 827.802002 816.9190063 830.257019 830.0780029 827.2160034 826.7509766 843.1619873
799.6149902 806.9860229 802.1359863 810.4569702 811.1699829 803.7960205 821.2459717 818.7180176 830.7039795 826.7700195 811.1190186 806.9439697 801.3209839 816.9229736 803.9320068 818.4879761 826.6489868 826.1959839 830.6779785 846.3369751 831.1560059 830.5679932 826.9310303 833.3430176 829.7199707 820.5380249 826.7050171 831.5189819 830.0419922 823.6939697 823.5120239 833.322998 833.322998 826.7620239 830.0939941 840.1199951 825.572998 816.4650269 830.0419922 830.0419922 823.4810181 819.65802 827.8649902 829.5059814 826.7650146 833.382019 822.46698 826.7620239 823.414978 823.4810181 820.0469971 833.7340088 827.2860107 826.1079712 833.2979736
