sim_elev304.txt
ncols	304																																																																																																																																																						
nrows	152																																																																																																																																																						
xllcorner	0																																																																																																																																																						
yllcorner	0																																																																																																																																																						
cellsize	0.993421053																																																																																																																																																						
[rows 24 to 47 of 152, columns 55 to 109 of 304]
816.625 826.7609863 823.9119873 812.3880005 813.6660156 817.565979 819.9840088 821.6779785 830.0419922 822.5120239 826.6849976 826.7979736 835.9329834 836.8939819 823.4810181 832.7009888 837.7030029 842.09198 839.8729858 879.2650146 872.4819946 886.0960083 885.7930298 879.5289917 878.2249756 865.1290283 839.7659912 839.8850098 835.0289917 836.6430054 826.7620239 826.3070068 833.6519775 826.7620239 835.1829834 829.4990234 836.6149902 839.8850098 836.5930176 882.026001 905.117981 905.151001 915.3400269 928.1290283 928.71698 918.8920288 918.9890137 928.5609741 928.4799805 929.223999 918.8950195 918.8950195 905.0809937 893.9660034 891.3980103
817.6859741 819.5390015 829.9279785 819.2860107 826.7979736 817.0709839 820.0510254 826.8920288 829.6459961 830.1119995 826.9790039 829.7470093 836.2399902 829.7609863 833.3790283 830.0319824 842.5900269 853.0089722 853.9920044 855.8540039 849.4190063 865.2609863 858.7219849 885.7819824 872.492981 879.1799927 859.7119751 859.710022 840.3610229 830.9379883 830.0650024 830.6450195 835.0650024 845.1500244 833.322998 836.6069946 840.4890137 866.7319946 873.6110229 887.5839844 891.0050049 905.0770264 914.0620117 921.8610229 927.9680176 928.0859985 928.1519775 929.0120239 920.7490234 931.6680298 923.1690063 915.0490112 905.802002 905.1309814 892.5819702
820.7379761 819.7789917 816.8800049 823.9299927 821.6519775 815.2399902 833.5599976 820.6820068 829.71698 822.9660034 828.4539795 821.6690063 830.5230103 834.0560303 836.6099854 826.7620239 836.6040039 856.5050049 872.8549805 874.7150269 879.2349854 879.6950073 885.815979 872.7620239 885.7860107 865.2930298 872.2369995 859.6259766 839.8259888 829.9879761 845.9660034 826.5180054 833.322998 838.7310181 833.322998 833.3220215 844.0650024 866.2369995 869.7689819 885.7800293 898.8759766 905.3289795 918.8939819 928.5830078 928.4860229 920.5100098 929.3040161 928.4780273 938.289978 928.1090088 919.2249756 928.2459717 915.0300293 901.8179932 899.0889893
815.9180298 826.7579956 823.3800049 830.0100098 826.6610107 837.085022 830.4089966 816.2979736 823.2869873 836.1259766 833.322998 830.0430298 826.1710205 823.2860107 846.4459839 816.9229736 836.8129883 857.6970215 863.40802 878.2609863 878.6439819 884.96698 883.0830078 892.585022 885.559021 884.9829712 865.4190063 839.8729858 836.1569824 850.6110229 840.0460205 835.9500122 833.2509766 840.3410034 836.8460083 845.9749756 855.7520142 844.2390137 866.4719849 879.2949829 898.8109741 898.7139893 915.4060059 928.0139771 921.4890137 923.5900269 928.1439819 928.085022 919.2160034 929.3800049 928.4550171 919.1680298 904.9910278 896.9699707 898.8839722
830.0419922 819.5969849 826.7050171 816.9190063 824.9039917 830.0419922 830.0079956 826.7620239 817.2550049 836.7180176 833.651001 839.8850098 836.6040039 830.0460205 833.3400269 830.3430176 832.7189941 837.0239868 855.8060303 873.2369995 878.2340088 889.2910156 879.3029785 890.9869995 871.9699707 876.2210083 872.7210083 839.882019 843.1660156 838.7550049 837.177002 836.8549805 835.4320068 833.322998 839.882019 859.1259766 863.7050171 869.5859985 871.7550049 887.6420288 899.4509888 900.4819946 918.8939819 921.4840088 918.8939819 921.8579712 928.3120117 928.5239868 922.3909912 928.1359863 921.4890137 914.1149902 905.0839844 898.6929932 898.9539795
829.723999 823 826.7620239 827.3540039 826.9459839 834.4229736 840.1259766 833.3510132 840.1489868 830.0219727 840.026001 839.8850098 829.7189941 843.5839844 839.8850098 826.7620239 843.1329956 859.065979 861.1959839 878.0949707 863.6760254 872.9060059 871.8579712 886.5859985 879.348999 878.2410278 862.7189941 856.0139771 857.1459961 830.0300293 833.382019 839.8859863 840.3619995 833.664978 840.3690186 839.7210083 836.6350098 839.882019 872.5130005 892.3410034 881.5479736 904.9769897 912.5059814 921.8959961 921.6669922 923.1010132 921.9370117 928.5620117 919.9589844 912.507019 912.5369873 913.2009888 905.132019 905.0780029 898.6699829
833.382019 826.6279907 824.5369873 830.0419922 830.2009888 830.0430298 826.7750244 830.4489746 832.5150146 826.7620239 836.6030273 836.0540161 836.6160278 835.0739746 848.5969849 833.3389893 839.8729858 836.7600098 839.8449707 879.65802 871.8480225 886.0800171 885.8660278 878.2390137 881.4829712 878.1140137 879.3779907 862.5410156 856.2269897 830.0419922 842.973999 839.8850098 842.9320068 833.565979 830.1569824 832.3140259 839.3010254 836.0709839 873.6370239 885.723999 892.6170044 905.1229858 912.5059814 914.1950073 923.1619873 927.9819946 918.9199829 921.1099854 921.8959961 921.0040283 913.4710083 912.5250244 905.4470215 898.7670288 891.4550171
815.4320068 817.1099854 829.5809937 827.0460205 818.8989868 825.8469849 831.7609863 822.4699707 829.0640259 830.125 830.098999 836.6799927 831.0809937 840.9710083 840.0510254 839.1079712 844.4840088 839.3590088 866.1790161 878.0930176 879.598999 885.5490112 885.3270264 892.4370117 885.75 878.0900269 865.3129883 855.9400024 839.9210205 849.7819824 836.6779785 840.1569824 839.8839722 836.6040039 843.2819824 830.3120117 836.6090088 836.6030273 840.34198 885.7379761 898.8729858 898.7999878 908.9730225 918.9169922 918.8939819 921.4879761 921.4860229 918.8950195 914.0880127 912.5310059 912.5230103 905.0770264 898.8930054 884.9580078 886.0789795
826.6129761 826.8380127 830.4910278 820.6229858 826.9749756 830.0419922 838.0239868 829.8189697 832.8289795 834.6920166 839.8850098 833.3660278 839.8850098 827.1820068 830.0189819 834.0230103 835.0670166 853.742981 864.2000122 865.440979 878.4060059 891.065979 885.8220215 885.6690063 885.3499756 885.8549805 871.96698 862.4190063 852.7689819 836.625 839.8850098 853.0079956 836.625 833.322998 835.0269775 830.0159912 836.8579712 836.1270142 836.8560181 837.8530273 878.21698 886.4119873 898.7280273 905.4819946 906.4899902 905.0759888 908.0440063 904.9580078 913.7520142 905.1129761 905.0529785 898.8889771 892.09198 890.9310303 879.1660156
839.8850098 827.1129761 819.9940186 823.3280029 830.4030151 827.0999756 826.7630005 840.0310059 820.2160034 830.382019 826.7620239 826.3189697 826.1400146 833.21698 832.9660034 847.7379761 836.815979 856.21698 865.1160278 836.4660034 879.8389893 879.190979 885.2860107 879.4210205 836.5900269 839.8389893 863.7059937 836.6220093 833.6900024 839.2630005 829.9470215 839.5679932 833.9730225 833.3389893 823.1040039 845.7650146 853.2849731 836.1259766 860.5549927 867.4819946 878.2290039 885.78302 891.4719849 898.6359863 905.1300049 898.9019775 905.0949707 898.7399902 899.1619873 898.7719727 898.6779785 885.8629761 886.1849976 839.3939819 865.1309814
825.4730225 822.7769775 826.7620239 821.7139893 826.7700195 829.9869995 826.7559814 840.4459839 828.4699707 830.0869751 833.3400269 820.1220093 830.0449829 842.7709961 833.322998 851.6560059 859.5839844 865.4089966 862.5460205 866.2890015 869.335022 891.3380127 891.348999 898.9439697 886.0789795 879.4829712 886.5009766 868.0859985 868.697998 835.4379883 839.0889893 844.4719849 835.2789917 833.7860107 833.322998 829.75 836.1300049 843.2030029 829.8720093 863.2009888 873.5230103 879.3800049 891.3950195 898.914978 898.5830078 905.1099854 892.6199951 899.1749878 892.6420288 891.4390259 891.0360107 871.7659912 873.1900024 836.1400146 840.039978
826.5469971 833.322998 827.0449829 830.0419922 820.2340088 830.0189819 830.0949707 832.4949951 820.4240112 836.6170044 838.2730103 833.2940063 843.7810059 827.3770142 839.8850098 845.3339844 850.0809937 835.9509888 840.0419922 863.4119873 871.8619995 885.7810059 891.1480103 890.9680176 884.9769897 885.7810059 871.9279785 873.9639893 836.4130249 839.8850098 829.7210083 819.6959839 842.7529907 829.1740112 835.7009888 835.2180176 856.2180176 839.8870239 837.4349976 859.7139893 889.1030273 869.7800293 871.8499756 885.8460083 893.2039795 890.9920044 878.4429932 886.2059937 879.2949829 839.8430176 840.4730225 837.5020142 839.8850098 852.6030273 835.434021
826.2399902 830.7559814 830.072998 836.6279907 837.1829834 828.2459717 834.322998 826.7670288 830.072998 820.4160156 830.0419922 837.0230103 833.3109741 836.6229858 828.4470215 826.3040161 839.8829956 836.1309814 837.2890015 860.1740112 869.6049805 891.4559937 885.5709839 879.302002 891.4219971 885.6760254 891.4530029 873.8870239 836.4439697 859.9500122 852.6309814 839.8950195 846.7979736 837.276001 836.6760254 832.4829712 836.59198 863.4320068 846.2529907 837.7739868 856.5960083 842.1199951 865.3189697 872.9959717 862.5469971 865.132019 836.5819702 871.9819946 836.5739746 859.6190186 835.9569702 855.6190186 836.9749756 853.5780029 840.5369873
840.2009888 837.6539917 836.2030029 839.9810181 826.7620239 830.0800171 823.5029907 823.4940186 833.2199707 837.1749878 827.1129761 829.4619751 828.9169922 833.3079834 830.0419922 839.9619751 839.1519775 839.0739746 830.1849976 879.0020142 884.9559937 891.8099976 890.9190063 886.052002 879.2960205 893.2630005 836.6229858 839.8829956 873.9530029 872.8850098 841.8499756 859.0650024 854.9719849 830.2290039 839.8880005 840.3889771 840.2960205 830.125 853.5869751 855.7520142 863.4249878 839.5670166 863.6409912 858.8369751 859.6929932 839.3150024 836.7969971 836.0780029 862.8389893 863.9949951 862.2449951 862.7880249 859.3359985 842.7860107 830.5670166
833.8359985 842.5770264 840.1450195 839.7670288 843.1779785 833.322998 826.4650269 829.9799805 830.0430298 826.7600098 829.6279907 833.322998 840.6129761 829.7620239 833.0079956 842.2719727 853.6500244 839.2410278 846.0300293 859.1929932 878.0910034 891.4559937 891.6859741 893.3200073 893.2440186 891.4429932 885.8670044 885.401001 836.4210205 836.1810303 836.6090088 853.9829712 836.6079712 843.598999 839.0709839 840.039978 844.8239746 853.2750244 845.9949951 856.4639893 863.7020264 864.8579712 856.5570068 855.7529907 857.2059937 836.1220093 843.0949707 830.0419922 836.0670166 835.4279785 843.1660156 832.6710205 836.6010132 840.1220093 832.9019775
841.684021 841.2260132 849.7319946 830.0029907 837.7059937 839.8850098 843.4890137 830.0419922 829.7210083 836.375 834.8200073 830.0269775 830.0360107 833.1359863 830.0029907 836.8569946 840.3599854 863.3809814 866.1069946 859.1699829 885.7769775 884.9990234 885.8189697 893.223999 891.6090088 891.5930176 885.7449951 885.7449951 836.6040039 836.8590088 863.8670044 855.6079712 859.1339722 851.8969727 838.4050293 852.8989868 853.7139893 844.5159912 843.2030029 843.09198 855.7949829 853.9849854 853.8410034 852.1989746 838.2680054 840.0479736 835.1810303 842.117981 839.072998 826.7620239 845.0739746 827.0300293 836.5819702 847.4450073 840.8510132
839.8980103 837.1220093 842.2089844 835.2789917 835.9580078 839.8850098 840.697998 835.4060059 834.0170288 837.3889771 833.322998 826.0209961 844.0419922 830.0419922 833.742981 833.3389893 836.5969849 836.6040039 853.2080078 871.9719849 884.9949951 879.3729858 891.460022 898.7310181 898.9030151 905.4790039 898.5939941 882.2849731 891.4569702 878.1799927 878.5889893 872.5789795 863.6300049 859.7210083 855.8850098 854.927002 863.6970215 859.3079834 853.3579712 843.2930298 849.7269897 839.8850098 845.1959839 849.7230225 854.302002 853.1699829 840.8569946 826.4899902 837.0230103 840.6409912 836.5980225 835.1400146 839.8850098 848.5570068 847.4530029
832.6879883 833.322998 849.3140259 833.8359985 840.7459717 846.3959961 839.8989868 841.6849976 832.8380127 839.8850098 833.8070068 827.1090088 832.1849976 826.9320068 839.5999756 839.3660278 836.4229736 856.4299927 861.9299927 863.4379883 885.7559814 887.0360107 885.1879883 891.9279785 891.4689941 891.6959839 893.1829834 891.4379883 885.8189697 872.8170166 867.1019897 864.0050049 872.8449707 854.8040161 850.0390015 851.6550293 850.5770264 851.190979 852.9810181 850.6420288 846.3950195 837.4819946 849.7709961 846.3640137 836.8239746 834.3029785 837.5130005 836.4320068 833.2930298 839.882019 839.0759888 844.8120117 843.4539795 839.8850098 836.6030273
835.4279785 847.4500122 849.3239746 849.8289795 849.072998 837.9810181 834.0280151 843.1370239 845.1959839 839.8729858 840.3439941 834.5969849 836.6300049 836.9769897 839.8850098 853.8289795 842.572998 863.4400024 872.7189941 874.8920288 892.0170288 891.0510254 891.2529907 898.7540283 892.8319702 898.6660156 891.3460083 891.7390137 884.9719849 886.0419922 879.4349976 879.2420044 873.1710205 865.2940063 856.1989746 846.2709961 853.7819824 852.6329956 846.4910278 839.7399902 843.1660156 840.7249756 833.8070068 833.8079834 840.039978 826.7659912 826.6820068 830.0419922 834.1970215 840.1400146 845.5079956 844.9249878 845.526001 833.2440186 839.8850098
852.2410278 848.7269897 848.8209839 851.190979 849.2470093 836.6229858 842.7999878 836.8729858 842.5609741 836.5910034 843.7860107 837.0490112 844.1469727 839.8850098 850.0150146 849.9749756 843.0949707 851.7589722 865.0360107 839.8850098 839.8980103 836.6040039 836.9879761 891.4030151 898.757019 885.7869873 885.8170166 878.2080078 879.7750244 881.4229736 878.1190186 863.4249878 872.2000122 859.8380127 863.6480103 843.9279785 836.5549927 851.4169922 839.6560059 843.2509766 836.6090088 846.5209961 839.0620117 843.1660156 843.6859741 830.4169922 830.0419922 829.2689819 830.1060181 829.6729736 840.5800171 843.1669922 842.8460083 843.7280273 839.8530273
852.4450073 843.1019897 850.473999 845.9680176 848.9160156 845.4249878 844.6929932 847.5609741 843.2139893 836.6350098 843.2819824 843.2050171 845.9279785 839.9829712 853.0079956 848.598999 858.8209839 856.3829956 859.6459961 840.0390015 836.9760132 838.7999878 865.1160278 885.5560303 885.8189697 885.9160156 887.6409912 891.0239868 891.223999 885.8209839 886.1760254 878.0960083 872.9299927 863.8049927 863.651001 853.9530029 840.3980103 850.1699829 836.6350098 835.835022 834.3049927 840.1240234 833.6519775 830.1900024 833.322998 826.7739868 833.322998 833.322998 837.427002 843.6859741 843.9349976 846.322998 848.3510132 845.1560059 839.8850098
849.7269897 852.6119995 845.507019 849.7800293 849.723999 847.7910156 849.7819824 833.9069824 849.7269897 843.276001 843.1660156 849.75 849.3179932 847.0570068 853.0079956 843.7269897 853.0079956 856.0499878 863.6900024 840.5189819 835.8920288 868.3120117 880.0839844 885.9970093 878.1040039 884.9569702 878.90802 873.3140259 891.177002 879.5560303 871.8850098 872.1749878 860.0339966 836.5579834 853.0079956 847.7249756 852.9219971 845.1920166 836.4379883 843.1660156 839.8850098 826.6420288 833.1359863 830.4310303 830.2310181 828.6099854 833.9589844 836.2009888 842.9359741 836.6040039 841.6610107 842.572998 833.3439941 833.3530273 846.3829956
849.8369751 849.1749878 859.1459961 830.0419922 846.6550293 836.6190186 845.4249878 846.8969727 830.0419922 840.039978 836.6040039 850.5620117 848.8519897 850.8060303 853.8079834 843.4899902 853.276001 845.9810181 865.1380005 868.3759766 868.6140137 871.7810059 872.0900269 879.3809814 881.4199829 886.5499878 867.4819946 872.96698 872.723999 871.882019 873.5579834 872.0109863 854.9959717 843.1660156 841.7199707 849.7700195 839.867981 837.0750122 840.4130249 826.7620239 833.7999878 829.7769775 825.460022 820.0880127 826.7620239 823.1079712 830.0419922 833.315979 826.7600098 829.4349976 842.8109741 832.6049805 826.7639771 833.2789917 817.0819702
851.190979 851.1929932 845.507019 843.6810303 832.177002 836.6259766 835.9069824 846.1160278 839.6849976 841.21698 835.9190063 847.8959961 830.1989746 849.7269897 834.09198 849.7650146 853.7880249 849.7819824 853.8170166 840.5180054 835.427002 862.5900269 836.6040039 836.4110107 859.9910278 860.1859741 873.5960083 865.3070068 872.2420044 865.132019 859.1489868 857.7160034 839.8850098 846.3759766 842.9840088 833.2000122 836.6359863 826.7620239 826.401001 826.7509766 836.6199951 827.5050049 839.8889771 826.7559814 833.3109741 830.4190063 830.0579834 830.0419922 823.4810181 813.6380005 830.0419922 837.1060181 826.822998 833.322998 836.6309814
